{
  "advancedEditorSelectedIdentifier" : "ProjectBrowser",
  "openSceneRelativePaths" : [
    "Immersive.usda",
    "Scene.usda",
    "VideoDomeScene.usda",
    "VideoHalfDomeScene.usda"
  ],
  "recentIdentifiers" : {
    "AB607D6A-2161-4896-A70F-2B0F3D0CE417" : [

    ],
    "D66134B1-3681-4A8E-AFE5-29F257229F3B" : [

    ],
    "E3191468-CEC5-473F-A9C5-25F839C8E155" : [

    ]
  },
  "sceneCameraHistory" : {
    "AB607D6A-2161-4896-A70F-2B0F3D0CE417" : [
      {
        "date" : 730128422.848204,
        "title" : "Untitled",
        "transform" : [
          -0.2748917,
          1.0186416e-07,
          -0.9614752,
          0,
          -0.48073754,
          0.8660255,
          0.13744593,
          0,
          0.83266205,
          0.49999994,
          -0.2380632,
          0,
          252.3496,
          119.95603,
          -61.34986,
          1
        ]
      },
      {
        "date" : 730126357.759851,
        "title" : "Untitled",
        "transform" : [
          -0.2748917,
          1.0186416e-07,
          -0.9614752,
          0,
          -0.48073754,
          0.8660255,
          0.13744593,
          0,
          0.83266205,
          0.49999994,
          -0.2380632,
          0,
          253.58173,
          116.585915,
          -64.118645,
          1
        ]
      },
      {
        "date" : 730126353.342797,
        "title" : "Untitled",
        "transform" : [
          -0.2748917,
          8.6963e-08,
          -0.9614752,
          0,
          -0.4807375,
          0.8660255,
          0.13744591,
          0,
          0.83266205,
          0.4999999,
          -0.2380632,
          0,
          253.58179,
          116.58593,
          -64.11866,
          1
        ]
      },
      {
        "date" : 730120391.019946,
        "title" : "Untitled",
        "transform" : [
          -0.27489173,
          8.3820716e-08,
          -0.9614752,
          0,
          -0.48073748,
          0.86602545,
          0.13744591,
          0,
          0.83266205,
          0.4999999,
          -0.2380632,
          0,
          253.58174,
          116.585915,
          -64.11866,
          1
        ]
      },
      {
        "date" : 730119981.956127,
        "title" : "Untitled",
        "transform" : [
          -0.27489185,
          5.437427e-08,
          -0.96147513,
          0,
          -0.48073745,
          0.8660254,
          0.13744594,
          0,
          0.8326619,
          0.49999988,
          -0.2380633,
          0,
          0.054735765,
          0.036735535,
          -0.012499686,
          1
        ]
      },
      {
        "date" : 730118901.271672,
        "title" : "Untitled",
        "transform" : [
          -0.27489185,
          5.437427e-08,
          -0.96147513,
          0,
          -0.48073745,
          0.8660254,
          0.13744594,
          0,
          0.8326619,
          0.49999988,
          -0.2380633,
          0,
          0.05859108,
          0.027262555,
          -0.018911075,
          1
        ]
      },
      {
        "date" : 730118890.039012,
        "title" : "Untitled",
        "transform" : [
          0.3033224,
          5.437427e-08,
          -0.95288795,
          0,
          -0.4764439,
          0.8660254,
          -0.15166114,
          0,
          0.8252252,
          0.49999988,
          0.26268494,
          0,
          253.81607,
          116.76167,
          71.46225,
          1
        ]
      },
      {
        "date" : 730118885.932136,
        "title" : "Untitled",
        "transform" : [
          0.3033224,
          5.437427e-08,
          -0.95288795,
          0,
          -0.4764439,
          0.8660254,
          -0.15166114,
          0,
          0.8252252,
          0.49999988,
          0.26268494,
          0,
          253.81602,
          116.76163,
          71.4622,
          1
        ]
      },
      {
        "date" : 730118874.838337,
        "title" : "Untitled",
        "transform" : [
          0.30332235,
          0,
          -0.952888,
          0,
          -0.47644395,
          0.8660255,
          -0.15166111,
          0,
          0.82522523,
          0.49999988,
          0.26268482,
          0,
          0.030603215,
          0.047303915,
          0.014720522,
          1
        ]
      },
      {
        "date" : 730118864.531133,
        "title" : "Untitled",
        "transform" : [
          0.99999994,
          0,
          0,
          0,
          0,
          0.8660254,
          -0.49999988,
          0,
          0,
          0.49999988,
          0.8660254,
          0,
          0,
          14.811054,
          25.653502,
          1
        ]
      }
    ],
    "AF09ED6F-1707-48FD-8720-65B998362C09" : [
      {
        "date" : 730134804.268239,
        "title" : "Untitled",
        "transform" : [
          1,
          0,
          0,
          0,
          0,
          0.8660161,
          -0.50001615,
          0,
          0,
          0.50001615,
          0.8660161,
          0,
          -0.07365787,
          1.9177089,
          -0.7685864,
          1
        ]
      },
      {
        "date" : 730134798.331793,
        "title" : "Untitled",
        "transform" : [
          1,
          0,
          -0,
          0,
          -0,
          0.8660161,
          -0.50001615,
          0,
          0,
          0.50001615,
          0.8660161,
          0,
          0.49999666,
          1.6144867,
          -1.2635498,
          1
        ]
      },
      {
        "date" : 730134794.817132,
        "title" : "Untitled",
        "transform" : [
          1,
          0,
          0,
          0,
          0,
          0.8660161,
          -0.50001615,
          0,
          0,
          0.50001615,
          0.8660161,
          0,
          -7.454189,
          77.43401,
          111.13111,
          1
        ]
      },
      {
        "date" : 730114722.210922,
        "title" : "Untitled",
        "transform" : [
          1,
          0,
          -0,
          0,
          -0,
          0.8660161,
          -0.50001615,
          0,
          0,
          0.50001615,
          0.8660161,
          0,
          0,
          68.69661,
          116.86869,
          1
        ]
      }
    ],
    "D66134B1-3681-4A8E-AFE5-29F257229F3B" : [
      {
        "date" : 730118790.6287,
        "title" : "Untitled",
        "transform" : [
          0.99696857,
          -3.5484604e-10,
          -0.0778047,
          0,
          -0.0063901325,
          0.99662155,
          -0.08188145,
          0,
          0.07754184,
          0.08213042,
          0.9936004,
          0,
          0.21532361,
          0.19901468,
          2.9575636,
          1
        ]
      },
      {
        "date" : 730115813.277321,
        "title" : "Untitled",
        "transform" : [
          0.9969686,
          3.0909675e-10,
          -0.0778047,
          0,
          -0.006390138,
          0.9966216,
          -0.081881456,
          0,
          0.07754184,
          0.0821304,
          0.9936004,
          0,
          0.04267013,
          0.21899317,
          0.68091124,
          1
        ]
      },
      {
        "date" : 730115754.960221,
        "title" : "Untitled",
        "transform" : [
          0.9969686,
          3.0909675e-10,
          -0.0778047,
          0,
          -0.006390138,
          0.9966216,
          -0.081881456,
          0,
          0.07754184,
          0.0821304,
          0.9936004,
          0,
          0.034638006,
          0.23909761,
          0.679876,
          1
        ]
      },
      {
        "date" : 730115741.126775,
        "title" : "Untitled",
        "transform" : [
          0.99999994,
          0,
          -0,
          0,
          -0,
          0.8660254,
          -0.49999994,
          0,
          0,
          0.49999994,
          0.8660254,
          0,
          0,
          1.1384828,
          2.3557901,
          1
        ]
      },
      {
        "date" : 730114921.857777,
        "title" : "Untitled",
        "transform" : [
          0.99999994,
          0,
          0,
          0,
          0,
          0.8660254,
          -0.49999994,
          0,
          0,
          0.49999994,
          0.8660254,
          0,
          0,
          0.20116852,
          0.34863415,
          1
        ]
      },
      {
        "date" : 730114730.840782,
        "title" : "Untitled",
        "transform" : [
          0.99999994,
          0,
          -0,
          0,
          -0,
          0.8660254,
          -0.49999994,
          0,
          0,
          0.49999994,
          0.8660254,
          0,
          0,
          0.20116852,
          0.34863415,
          1
        ]
      }
    ],
    "E3191468-CEC5-473F-A9C5-25F839C8E155" : [
      {
        "date" : 730249633.519169,
        "title" : "Untitled",
        "transform" : [
          1,
          0,
          0,
          0,
          0,
          0.7071069,
          -0.70710677,
          0,
          0,
          0.70710677,
          0.7071069,
          0,
          -0.016318828,
          1.2641317,
          2.3934479,
          1
        ]
      },
      {
        "date" : 730249596.934429,
        "title" : "Untitled",
        "transform" : [
          1,
          0,
          0,
          0,
          0,
          0.7071069,
          -0.70710677,
          0,
          0,
          0.70710677,
          0.7071069,
          0,
          0.04004857,
          1.2691175,
          2.3884623,
          1
        ]
      },
      {
        "date" : 730172640.290471,
        "title" : "Untitled",
        "transform" : [
          0.99982107,
          1.0381927e-08,
          -0.018914651,
          0,
          -0.005364996,
          0.9589304,
          -0.28359088,
          0,
          0.01813792,
          0.2836415,
          0.9587589,
          0,
          -0.13338089,
          0.5366101,
          3.4836338,
          1
        ]
      },
      {
        "date" : 730172626.923215,
        "title" : "Untitled",
        "transform" : [
          0.99982107,
          1.0381927e-08,
          -0.018914651,
          0,
          -0.005364996,
          0.9589304,
          -0.28359088,
          0,
          0.01813792,
          0.2836415,
          0.9587589,
          0,
          -0.13187632,
          0.26778102,
          3.5631363,
          1
        ]
      },
      {
        "date" : 730172464.072333,
        "title" : "Untitled",
        "transform" : [
          0.99982107,
          1.0381927e-08,
          -0.018914651,
          0,
          -0.005364996,
          0.9589304,
          -0.28359088,
          0,
          0.01813792,
          0.2836415,
          0.9587589,
          0,
          -0.08695856,
          0.27539527,
          3.560034,
          1
        ]
      },
      {
        "date" : 730172462.707505,
        "title" : "Untitled",
        "transform" : [
          0.99982107,
          1.0381927e-08,
          -0.018914651,
          0,
          -0.005364996,
          0.9589304,
          -0.28359088,
          0,
          0.01813792,
          0.2836415,
          0.9587589,
          0,
          -0.048581153,
          0.2115773,
          3.5781884,
          1
        ]
      },
      {
        "date" : 730172130.02396,
        "title" : "Untitled",
        "transform" : [
          0.99982107,
          1.0381927e-08,
          -0.018914651,
          0,
          -0.0053649954,
          0.95893025,
          -0.28359085,
          0,
          0.01813792,
          0.2836415,
          0.9587589,
          0,
          -0.45009592,
          0.6218289,
          3.4644144,
          1
        ]
      },
      {
        "date" : 730172115.738381,
        "title" : "Untitled",
        "transform" : [
          -0.6695812,
          1.232131e-08,
          -0.74273884,
          0,
          -0.60277873,
          0.58426595,
          0.5434068,
          0,
          0.43395704,
          0.81156224,
          -0.39121363,
          0,
          2.090929,
          2.607926,
          -1.190867,
          1
        ]
      },
      {
        "date" : 730172112.006836,
        "title" : "Untitled",
        "transform" : [
          -0.86027795,
          1.232131e-08,
          -0.50982535,
          0,
          -0.41375494,
          0.58426595,
          0.69816905,
          0,
          0.29787356,
          0.81156224,
          -0.50263125,
          0,
          1.2307607,
          1.4880306,
          -1.0655636,
          1
        ]
      },
      {
        "date" : 730172102.073779,
        "title" : "Untitled",
        "transform" : [
          -0.94682235,
          0,
          0.3217569,
          0,
          0.16087851,
          0.8660254,
          0.47341108,
          0,
          -0.27864975,
          0.49999994,
          -0.8199722,
          0,
          -0.39717385,
          0.1274803,
          -2.1162074,
          1
        ]
      }
    ]
  },
  "selectedSceneRelativePath" : "VideoDomeScene.usda"
}